2.035
1.6646
1.2423
0.765158
0.531069
0.333926
0.0565289
0.000760854
0.0161542
0.0811713
0.263008
0.620614
0.936694
1.14042
1.63049
1.56519
1.32107
1.09721
0.868582
0.695231
0.576733
0.429971
0.282783
0.131116
0.0563824
0.0290451
0.00246708
0.00342435
0.000860023
0.00126562
0.000537448
0.00193071
0.0221522
0.0140508
0.0153795
0.0196032
0.00711965
0.00169354
0.00514238
0.00151858
0.0280927
0.0419317
0.0339456
0.0155129
0.0182942
0.0420171
0.0336838
0.00834035
0.00119124
0.000174485
0.00060732
0.00178025
0.00112263
0.000179174
7.44159e-05
0.0019298
0.00610082
0.00834842
0.0128273
0.00677985
0.00342646
0.00542908
0.00918531
0.000111818
6.41035e-05
0.0169916
0.00225526
0.000146508
0.00180183
0.0142937
0.00762046
0.00885692
0.00848924
0.0040427
0.000689041
0.000377839
0.00216582
0.000422468
0.000337852
0.00141816
0.000454888
0.00211117
0.00139976
0.000605752
cX:-5.65704
cY:-224.022
alpha:-0.428615
a:8.379
b:78.3403
totalXYCost:18.824
inPts = {
{25.4632704,25.5024374,25.4538484,25.4328503,25.5214187,25.4568255,25.3421100,25.3642437,25.3745306,25.2465264,25.2281227,25.3109829,25.4510097,25.6058075,25.7036240,25.8874795,26.0055227,26.1534096,26.2995016,26.4639008,26.6014168,26.7041451,26.8474319,27.0206243,27.2547861,27.4276294,27.5171401,27.6724874,27.6528420,27.7401133,27.7060355,27.6142279,27.4492146,27.5682543,27.3766011,27.2107591,27.0460100,26.7474753,26.4481711,26.1875841,25.8202823,25.5850216,25.2111873,24.7524626,24.2464420,23.7971380,23.3867419,22.8688022,22.2228880,21.5998878,21.0139688,20.3439675,19.7158019,19.0702437,18.4127761,17.7287427,16.9664256,16.2124223,15.5002834,14.7972561,14.1414299,13.4981189,12.8158886,12.1061450,11.5947724,11.0039628,10.2591087,9.7634021,9.2437261,8.7246253,8.3165966,7.8162097,7.3369243,6.8884896,6.4609870,5.9530506,5.5747935,5.2409006,4.8387646,4.5808625,4.2725343,4.0221585,3.7756584,3.5917973,3.3728457},
{-150.5576268,-150.8122639,-151.0286843,-151.2976105,-151.6260769,-151.8715252,-152.1544880,-152.6817098,-153.1070223,-153.3537574,-153.6365668,-153.9740917,-154.3549621,-154.5571153,-154.6605402,-154.8920728,-155.0771339,-155.1908961,-155.2796159,-155.5061474,-155.6198963,-155.7356067,-155.8492091,-155.9098707,-156.0498479,-156.1236919,-156.2230173,-156.4685029,-156.5650434,-156.9970305,-157.4048172,-157.9986995,-158.4812128,-159.4435284,-160.2479458,-161.1124977,-161.9825581,-162.9306376,-163.9050219,-165.1011043,-166.2960477,-167.8154919,-169.2904233,-170.7158126,-172.0662778,-173.5325621,-175.1143520,-176.5775700,-178.0781570,-179.6375125,-181.2157882,-182.9339425,-184.5939278,-186.3842107,-188.2271085,-190.0540710,-191.9036095,-193.7135223,-195.4772944,-197.1667644,-198.9226594,-200.6045528,-202.2215183,-203.8657585,-205.4151573,-206.8406253,-208.1672132,-209.6406832,-211.0772973,-212.3990092,-213.6228472,-214.6648789,-215.7920739,-216.8124258,-217.6872744,-218.7103453,-219.5429420,-220.3902705,-221.0616162,-221.7751561,-222.2706832,-222.8859614,-223.3499130,-223.7880314,-224.3178596},
{-242.5394395,-242.4201757,-242.2458150,-242.1903574,-242.1194916,-242.0621275,-242.0061976,-241.9898979,-241.9826708,-241.9444177,-241.9890163,-242.0029149,-242.0689918,-242.0276646,-242.0124747,-242.0733258,-242.1101025,-242.0558339,-242.0250697,-242.0907540,-242.1231104,-242.2144107,-242.3341850,-242.4498492,-242.6574823,-242.8782479,-243.1024736,-243.4297651,-243.6849296,-244.0153308,-244.2294110,-244.3612888,-244.4215369,-244.6840188,-244.8318658,-245.0275088,-245.1145718,-245.1217691,-245.0473430,-244.7858884,-244.4417762,-244.1411306,-243.8268398,-243.3782401,-242.8460628,-242.4641125,-241.9971614,-241.6440006,-241.2815308,-241.0344147,-240.8687616,-240.8614734,-240.6976802,-240.6503545,-240.6867612,-240.8919915,-241.0694197,-241.3228285,-241.6727403,-241.8797835,-242.2992000,-242.6802343,-242.8849844,-243.2368039,-243.3128444,-243.4537333,-243.4572279,-243.5125949,-243.4903409,-243.4438051,-243.3433307,-243.2994045,-243.2158153,-243.1928728,-243.1668256,-243.0568824,-243.0049380,-242.9391811,-242.9792634,-242.9931684,-243.0135292,-243.0206527,-243.0321661,-243.0382039,-243.0347052}
};
outPts2d = {
{26.0806572,26.0657283,26.0106521,25.9535534,25.9380140,25.8421323,25.6897665,25.5232108,25.3545548,25.1473865,24.9961857,24.8813288,24.7758415,24.7759997,24.7909171,24.7984953,27.7731981,27.7782556,27.7806566,27.7818880,27.7804257,27.7777753,27.7742250,27.7721087,27.7662962,27.7629966,27.7577587,27.7425571,27.7353604,27.6988313,27.6560461,27.5817367,27.5106604,27.3608949,27.2120075,27.0390803,26.8527158,26.6313449,26.3916860,26.0894574,25.7671182,25.3570952,24.9335240,24.5032464,24.0783831,23.6150271,23.1112704,22.6227914,22.1007131,21.5537849,20.9963513,20.3767351,19.7718361,19.1146808,18.4304940,17.7401539,17.0243802,16.3153439,15.6204741,14.9460035,14.2494563,13.5747024,12.9123542,12.2315095,11.6085796,11.0143281,10.4290387,9.8252208,9.2279605,8.6694784,8.1614005,7.7029395,7.2148840,6.7691104,6.3786517,5.9182546,5.5495521,5.1788212,4.8653700,4.5571391,4.3211008,4.0497206,3.8348568,3.6400615,3.4045407},
{-152.7451833,-152.7494529,-152.7662626,-152.7853862,-152.7908795,-152.8273892,-152.8940743,-152.9779990,-153.0735159,-153.2038252,-153.3071010,-153.3897852,-153.4687478,-153.4686273,-153.4572915,-153.4515540,-155.0016558,-155.1459654,-155.2552421,-155.5147103,-155.6398863,-155.7636185,-155.8807850,-155.9388228,-156.0741424,-156.1408282,-156.2369056,-156.4734420,-156.5713224,-156.9930505,-157.3991329,-157.9943159,-158.4904770,-159.4073823,-160.2161562,-161.0766466,-161.9396185,-162.9031963,-163.8910034,-165.0754937,-166.2815310,-167.7504160,-169.2081649,-170.6397706,-172.0135337,-173.4740463,-175.0240770,-176.4948278,-178.0362763,-179.6214813,-181.2095757,-182.9458136,-184.6144382,-186.4006608,-188.2337736,-190.0583855,-191.9259895,-193.7536319,-195.5247395,-197.2261688,-198.9661337,-200.6359834,-202.2609207,-203.9172791,-205.4209015,-206.8451825,-208.2386763,-209.6669312,-211.0706294,-212.3752927,-213.5557533,-214.6157793,-215.7389702,-216.7602043,-217.6511318,-218.6974100,-219.5320539,-220.3684124,-221.0733247,-221.7645304,-222.2925374,-222.8982131,-223.3767063,-223.8097132,-224.3322447},
{1.0000000,1.0000000,1.0000000,1.0000000,1.0000000,1.0000000,1.0000000,1.0000000,1.0000000,1.0000000,1.0000000,1.0000000,1.0000000,1.0000000,1.0000000,1.0000000,1.0000000,1.0000000,1.0000000,1.0000000,1.0000000,1.0000000,1.0000000,1.0000000,1.0000000,1.0000000,1.0000000,1.0000000,1.0000000,1.0000000,1.0000000,1.0000000,1.0000000,1.0000000,1.0000000,1.0000000,1.0000000,1.0000000,1.0000000,1.0000000,1.0000000,1.0000000,1.0000000,1.0000000,1.0000000,1.0000000,1.0000000,1.0000000,1.0000000,1.0000000,1.0000000,1.0000000,1.0000000,1.0000000,1.0000000,1.0000000,1.0000000,1.0000000,1.0000000,1.0000000,1.0000000,1.0000000,1.0000000,1.0000000,1.0000000,1.0000000,1.0000000,1.0000000,1.0000000,1.0000000,1.0000000,1.0000000,1.0000000,1.0000000,1.0000000,1.0000000,1.0000000,1.0000000,1.0000000,1.0000000,1.0000000,1.0000000,1.0000000,1.0000000,1.0000000}
};
outPts3d = {
{-46.8879814,-46.8894093,-46.8956343,-46.9036229,-46.9060583,-46.9234508,-46.9589306,-47.0076927,-47.0665997,-47.1507019,-47.2194751,-47.2755467,-47.3297794,-47.3296962,-47.3218738,-47.3179190,-49.2054401,-49.3368209,-49.4360745,-49.6710146,-49.7840221,-49.8955296,-50.0009504,-50.0531117,-50.1745866,-50.2343787,-50.3204450,-50.5319588,-50.6193369,-50.9949141,-51.3553165,-51.8816555,-52.3189375,-53.1240304,-53.8314407,-54.5817180,-55.3320487,-56.1676877,-57.0222641,-58.0445739,-59.0830972,-60.3451168,-61.5948519,-62.8198416,-63.9933845,-65.2391313,-66.5592755,-67.8101873,-69.1195791,-70.4645043,-71.8103301,-73.2800390,-74.6909787,-76.1997861,-77.7466061,-79.2847317,-80.8576040,-82.3954222,-83.8844041,-85.3136754,-86.7742091,-88.1748644,-89.5369110,-90.9243674,-92.1830900,-93.3747101,-94.5399389,-95.7335939,-96.9061022,-97.9953386,-98.9804302,-99.8646575,-100.8012031,-101.6524049,-102.3947405,-103.2662145,-103.9611789,-104.6573638,-105.2439719,-105.8190313,-106.2582198,-106.7619108,-107.1597579,-107.5197268,-107.9540461},
{-95.9876552,-96.0024264,-96.0572342,-96.1145573,-96.1302434,-96.2278047,-96.3854078,-96.5609564,-96.7418400,-96.9678742,-97.1352650,-97.2636745,-97.3825047,-97.3823259,-97.3654714,-97.3569154,-95.1250116,-95.1631947,-95.1934010,-95.2691668,-95.3075791,-95.3466385,-95.3845666,-95.4036777,-95.4490311,-95.4717750,-95.5049813,-95.5888193,-95.6243319,-95.7823366,-95.9413654,-96.1849441,-96.3962578,-96.8034267,-97.1777623,-97.5891698,-98.0134693,-98.4992482,-99.0087512,-99.6331375,-100.2821020,-101.0882747,-101.9034048,-102.7168559,-103.5082701,-104.3602121,-105.2752285,-106.1529327,-107.0819815,-108.0464769,-109.0213325,-110.0963390,-111.1379973,-112.2617755,-113.4239024,-114.5890774,-115.7900005,-116.9729877,-118.1264075,-119.2407267,-120.3864365,-121.4916551,-122.5723428,-123.6790742,-124.6881551,-125.6477821,-126.5901791,-127.5596382,-128.5158886,-129.4077129,-130.2171358,-130.9459860,-131.7203258,-132.4262039,-133.0434295,-133.7699578,-134.3508239,-134.9340330,-135.4264744,-135.9101318,-136.2801215,-136.7050979,-137.0412603,-137.3457895,-137.7136887},
{267.4545241,267.4499551,267.4334230,267.4168033,267.4123687,267.3858066,267.3462504,267.3063870,267.2692460,267.2275983,267.1997034,267.1798094,267.1624640,267.1624893,267.1648904,267.1661166,268.8115775,268.8577506,268.8921523,268.9720768,269.0098256,269.0466648,269.0811395,269.0980756,269.1372178,269.1563358,269.1836896,269.2501250,269.2772598,269.3919995,269.4994867,269.6524614,269.7763917,269.9981659,270.1871797,270.3825650,270.5734210,270.7812999,270.9893987,271.2330866,271.4754558,271.7637862,272.0433744,272.3123187,272.5656849,272.8304595,273.1067392,273.3647597,273.6312002,273.9012562,274.1680619,274.4557480,274.7285261,275.0167399,275.3086700,275.5955753,275.8856323,276.1661065,276.4348478,276.6902855,276.9488317,277.1944894,277.4312794,277.6704091,277.8855724,278.0877323,278.2839938,278.4836049,278.6782788,278.8578953,279.0193250,279.1634117,279.3151885,279.4523925,279.5714737,279.7105892,279.8210019,279.9311412,280.0235823,280.1138816,280.1826312,280.2612492,280.3231739,280.3790715,280.4463484},
{1.0000000,1.0000000,1.0000000,1.0000000,1.0000000,1.0000000,1.0000000,1.0000000,1.0000000,1.0000000,1.0000000,1.0000000,1.0000000,1.0000000,1.0000000,1.0000000,1.0000000,1.0000000,1.0000000,1.0000000,1.0000000,1.0000000,1.0000000,1.0000000,1.0000000,1.0000000,1.0000000,1.0000000,1.0000000,1.0000000,1.0000000,1.0000000,1.0000000,1.0000000,1.0000000,1.0000000,1.0000000,1.0000000,1.0000000,1.0000000,1.0000000,1.0000000,1.0000000,1.0000000,1.0000000,1.0000000,1.0000000,1.0000000,1.0000000,1.0000000,1.0000000,1.0000000,1.0000000,1.0000000,1.0000000,1.0000000,1.0000000,1.0000000,1.0000000,1.0000000,1.0000000,1.0000000,1.0000000,1.0000000,1.0000000,1.0000000,1.0000000,1.0000000,1.0000000,1.0000000,1.0000000,1.0000000,1.0000000,1.0000000,1.0000000,1.0000000,1.0000000,1.0000000,1.0000000,1.0000000,1.0000000,1.0000000,1.0000000,1.0000000,1.0000000}
};
fixedThetas = {
{4.8028368,1.6626588,1.6678266,1.6731023,1.6745242,1.6831717,1.6964977,1.7105382,1.7242552,1.7404915,1.7519578,1.7604702,1.7681475,1.7681361,1.7670583,1.7665097,1.3639999,1.3561185,1.3503004,1.3369537,1.3307296,1.3247027,1.3191040,1.3163678,1.3100792,1.3070252,1.3026753,1.2922040,1.2879642,1.2702632,1.2539962,1.2313308,1.2133552,1.1819716,1.1559429,1.1296611,1.1045448,1.0777560,1.0514785,1.0213283,0.9919423,0.9576836,0.9251135,0.8943227,0.8657502,0.8362974,0.8059635,0.7779646,0.7493525,0.7206308,0.6925003,0.6624092,0.6340796,0.6043309,0.5743619,0.5450406,0.5155027,0.4870167,0.4597703,0.4338974,0.4077161,0.3828297,0.3588174,0.3345293,0.3126303,0.2920059,0.2719290,0.2514457,0.2313983,0.2128317,0.1960819,0.1810764,0.1652094,0.1508083,0.1382621,0.1235461,0.1118186,0.1000756,0.0901838,0.0804883,0.0730840,0.0645921,0.0578842,0.0518144,0.0444898}
};
speed = {
{-3.1401780,0.0051678,0.0052757,0.0014219,0.0086475,0.0133260,0.0140405,0.0137171,0.0162363,0.0114663,0.0085124,0.0076773,-0.0000114,-0.0010778,-0.0005485,-0.4025099,-0.0078814,-0.0058181,-0.0133467,-0.0062241,-0.0060268,-0.0055988,-0.0027362,-0.0062886,-0.0030540,-0.0043499,-0.0104713,-0.0042398,-0.0177010,-0.0162670,-0.0226655,-0.0179756,-0.0313836,-0.0260287,-0.0262817,-0.0251164,-0.0267887,-0.0262776,-0.0301502,-0.0293860,-0.0342586,-0.0325701,-0.0307908,-0.0285725,-0.0294528,-0.0303340,-0.0279988,-0.0286122,-0.0287216,-0.0281306,-0.0300910,-0.0283296,-0.0297487,-0.0299690,-0.0293213,-0.0295378,-0.0284860,-0.0272464,-0.0258729,-0.0261813,-0.0248864,-0.0240123,-0.0242881,-0.0218989,-0.0206244,-0.0200769,-0.0204833,-0.0200474,-0.0185666,-0.0167498,-0.0150054,-0.0158670,-0.0144011,-0.0125462,-0.0147160,-0.0117276,-0.0117430,-0.0098918,-0.0096955,-0.0074043,-0.0084918,-0.0067079,-0.0060698,-0.0073247}
};
acceleration = {
{3.1453458,0.0001079,-0.0038538,0.0072256,0.0046786,0.0007144,-0.0003234,0.0025192,-0.0047700,-0.0029539,-0.0008351,-0.0076887,-0.0010664,0.0005293,-0.4019614,0.3946285,0.0020632,-0.0075286,0.0071226,0.0001973,0.0004280,0.0028626,-0.0035524,0.0032346,-0.0012960,-0.0061213,0.0062315,-0.0134613,0.0014341,-0.0063985,0.0046899,-0.0134080,0.0053548,-0.0002530,0.0011653,-0.0016723,0.0005112,-0.0038726,0.0007642,-0.0048726,0.0016885,0.0017793,0.0022184,-0.0008803,-0.0008812,0.0023351,-0.0006133,-0.0001095,0.0005911,-0.0019605,0.0017614,-0.0014190,-0.0002204,0.0006477,-0.0002165,0.0010518,0.0012397,0.0013735,-0.0003084,0.0012949,0.0008741,-0.0002758,0.0023891,0.0012745,0.0005475,-0.0004064,0.0004359,0.0014809,0.0018167,0.0017444,-0.0008616,0.0014659,0.0018550,-0.0021698,0.0029884,-0.0000154,0.0018511,0.0001963,0.0022912,-0.0010875,0.0017840,0.0006380,-0.0012548}
};
jerk = {
{-3.1452379,-0.0039617,0.0110794,-0.0025471,-0.0039642,-0.0010378,0.0028425,-0.0072892,0.0018161,0.0021188,-0.0068537,0.0066223,0.0015957,-0.4024907,0.7965899,-0.3925653,-0.0095918,0.0146512,-0.0069253,0.0002307,0.0024346,-0.0064150,0.0067870,-0.0045306,-0.0048254,0.0123529,-0.0196928,0.0148953,-0.0078326,0.0110884,-0.0180979,0.0187629,-0.0056078,0.0014183,-0.0028377,0.0021835,-0.0043838,0.0046369,-0.0056368,0.0065612,0.0000907,0.0004391,-0.0030986,-0.0000010,0.0032164,-0.0029485,0.0005039,0.0007005,-0.0025515,0.0037218,-0.0031804,0.0011987,0.0008681,-0.0008642,0.0012683,0.0001878,0.0001338,-0.0016819,0.0016033,-0.0004207,-0.0011499,0.0026649,-0.0011146,-0.0007270,-0.0009539,0.0008423,0.0010450,0.0003358,-0.0000723,-0.0026060,0.0023275,0.0003890,-0.0040248,0.0051582,-0.0030038,0.0018665,-0.0016549,0.0020950,-0.0033788,0.0028715,-0.0011460,-0.0018928}
};
